37,4
31,3
40,4
651,35
26,5
27,4
30,5
29,4
28,4
34,4
40,5
41,5
43,4
44,5
42,4
45,1
45,4
33,6
32,4
26,1
26,3
27,1
27,3
28,1
28,3
34,1
34,3
41,1
41,3
43,1
43,3
44,1
44,3
42,1
42,3
33,1
33,3
32,1
32,3
10,291
10,137
10,171
10,113
10,107
10,161
10,167
10,153
10,2
10,3
9,5
9,7
8,15
8,13
8,8
8,3
0,318
40,3
40,1
39,3
39,1
38,3
38,1
37,6
37,5
37,3
37,1
36,4
36,3
36,1
35,77
35,15
35,13
35,11
35,7
35,5
35,4
35,3
35,1
31,4
31,1
30,4
30,3
30,1
29,3
29,1
20,3
20,2
20,1
19,3
19,2
19,1
14,6
14,5
12,3
12,2
12,1
11,30
11,29
11,28
11,27
11,26
11,25
11,24
11,23
11,22
11,21
11,20
11,19
11,18
11,17
11,16
11,15
11,14
11,13
18,1
18,3
14,1
14,4
14,3
11,12
13,1
11,11
13,3
11,10
11,9
11,8
11,7
